Volunteer2:
[(-367.14199761670216, -612.0679153003844, 93.1034509548819), (-417.7048554323581, -561.5050574847284, 93.1034509548819), (-343.6243893303506, -667.3342947733106, 134.48276249038494), (-270.7198036426606, -702.6107072028381, 134.48276249038494), (-207.22226126951136, -667.3342947733106, 134.48276249038494), (-353.0314326448912, -616.7714369576547, 155.17241825813647), (-294.23741192901224, -634.4096431724183, 155.17241825813647), (-231.91574997018054, -627.3543606865129, 155.17241825813647), (-206.0463808551938, -669.6860556019458, 100.00000287746573)]
[(-405.2826445595213, -569.1931651212697, 103.44827883875766), (-377.56874009410365, -615.383005896966, 103.44827883875766), (-343.6961901919264, -665.6786102971683, 131.03448652909302), (-270.8188858569391, -705.7098056361051, 131.03448652909302), (-206.15310877096445, -673.890137546181, 144.82759037426072), (-294.42702669785047, -640.0175876440039, 144.82759037426072), (-235.9198950486353, -623.5945331459786, 144.82759037426072), (-342.66974928579975, -615.383005896966, 144.82759037426072)]
[(-301.35652798686925, -636.6492885613636, 141.3793144129688), (-235.64058459545743, -616.4289982870831, 141.3793144129688), (-210.36522175260677, -665.7159558306419, 141.3793144129688), (-260.91594743830814, -707.4203045213455, 141.3793144129688), (-341.7971085354303, -680.8811735363523, 141.3793144129688), (-339.26957225114523, -606.3188531499428, 141.3793144129688)]
[(-373.1014570105204, -615.4203026139975, 110.3448307613415), (-204.98551149614664, -670.5623327427121, 110.3448307613415), (-346.2029057282207, -667.8724776144821, 134.48276249038494), (-266.8521794454362, -698.8058115891268, 134.48276249038494), (-209.02029418849162, -679.976825691517, 141.3793144129688), (-242.64348329136638, -623.4898679986875, 141.3793144129688), (-288.37102047127604, -626.1797231269175, 172.41379806459608)]
[(-373.1014570105204, -615.4203026139975, 110.3448307613415), (-204.98551149614664, -670.5623327427121, 110.3448307613415), (-346.2029057282207, -667.8724776144821, 134.48276249038494), (-266.8521794454362, -698.8058115891268, 134.48276249038494), (-209.02029418849162, -679.976825691517, 141.3793144129688), (-242.64348329136638, -623.4898679986875, 141.3793144129688), (-288.37102047127604, -626.1797231269175, 172.41379806459608)]
[(-373.1014570105204, -615.4203026139975, 110.3448307613415), (-204.98551149614664, -670.5623327427121, 110.3448307613415), (-346.2029057282207, -667.8724776144821, 134.48276249038494), (-266.8521794454362, -698.8058115891268, 134.48276249038494), (-209.02029418849162, -679.976825691517, 141.3793144129688), (-242.64348329136638, -623.4898679986875, 141.3793144129688), (-288.37102047127604, -626.1797231269175, 172.41379806459608)]
[(-373.1014570105204, -615.4203026139975, 110.3448307613415), (-204.98551149614664, -670.5623327427121, 110.3448307613415), (-346.2029057282207, -667.8724776144821, 134.48276249038494), (-266.8521794454362, -698.8058115891268, 134.48276249038494), (-209.02029418849162, -679.976825691517, 141.3793144129688), (-242.64348329136638, -623.4898679986875, 141.3793144129688), (-288.37102047127604, -626.1797231269175, 172.41379806459608)]
[(-373.1014570105204, -615.4203026139975, 110.3448307613415), (-204.98551149614664, -670.5623327427121, 110.3448307613415), (-346.2029057282207, -667.8724776144821, 134.48276249038494), (-266.8521794454362, -698.8058115891268, 134.48276249038494), (-209.02029418849162, -679.976825691517, 141.3793144129688), (-242.64348329136638, -623.4898679986875, 141.3793144129688), (-288.37102047127604, -626.1797231269175, 172.41379806459608)]
[(-373.1014570105204, -615.4203026139975, 110.3448307613415), (-204.98551149614664, -670.5623327427121, 110.3448307613415), (-346.2029057282207, -667.8724776144821, 134.48276249038494), (-266.8521794454362, -698.8058115891268, 134.48276249038494), (-209.02029418849162, -679.976825691517, 141.3793144129688), (-242.64348329136638, -623.4898679986875, 141.3793144129688), (-288.37102047127604, -626.1797231269175, 172.41379806459608)]
[(-373.1014570105204, -615.4203026139975, 110.3448307613415), (-204.98551149614664, -670.5623327427121, 110.3448307613415), (-346.2029057282207, -667.8724776144821, 134.48276249038494), (-266.8521794454362, -698.8058115891268, 134.48276249038494), (-209.02029418849162, -679.976825691517, 141.3793144129688), (-242.64348329136638, -623.4898679986875, 141.3793144129688), (-288.37102047127604, -626.1797231269175, 172.41379806459608)]
[(-373.1014570105204, -615.4203026139975, 110.3448307613415)]
[(-373.1014570105204, -615.4203026139975, 110.3448307613415)]
[(-266.8521794454362, -698.8058115891268, 134.48276249038494)]
[(342, 678, 142)]
[(342, 678, 142)]
[(342, 678, 142)]
[(-373.1014570105204, -615.4203026139975, 110.3448307613415)]
[(-373.1014570105204, -615.4203026139975, 110.3448307613415)]
[(-373.1014570105204, -615.4203026139975, 110.3448307613415)]
[(-204.98551149614664, -670.5623327427121, 110.3448307613415)]
[(-204.98551149614664, -670.5623327427121, 110.3448307613415)]
[(-373.1014570105204, -615.4203026139975, 110.3448307613415), (-204.98551149614664, -670.5623327427121, 110.3448307613415), (-346.2029057282207, -667.8724776144821, 134.48276249038494), (-266.8521794454362, -698.8058115891268, 134.48276249038494), (-209.02029418849162, -679.976825691517, 141.3793144129688), (-242.64348329136638, -623.4898679986875, 141.3793144129688), (-288.37102047127604, -626.1797231269175, 172.41379806459608)]
[(-373.1014570105204, -615.4203026139975, 110.3448307613415), (-204.98551149614664, -670.5623327427121, 110.3448307613415), (-346.2029057282207, -667.8724776144821, 134.48276249038494), (-266.8521794454362, -698.8058115891268, 134.48276249038494), (-209.02029418849162, -679.976825691517, 141.3793144129688), (-242.64348329136638, -623.4898679986875, 141.3793144129688), (-288.37102047127604, -626.1797231269175, 172.41379806459608)]
[(-373.1014570105204, -615.4203026139975, 110.3448307613415), (-204.98551149614664, -670.5623327427121, 110.3448307613415), (-346.2029057282207, -667.8724776144821, 134.48276249038494), (-266.8521794454362, -698.8058115891268, 134.48276249038494), (-209.02029418849162, -679.976825691517, 141.3793144129688), (-242.64348329136638, -623.4898679986875, 141.3793144129688), (-288.37102047127604, -626.1797231269175, 172.41379806459608)]
[(-404.22957359789916, -565.4492870852418, 103.44827883875766), (-205.8759462972159, -664.6261007355835, 103.44827883875766), (-372.1878338031734, -618.8521867431182, 103.44827883875766), (-273.01102015283175, -713.4516089942133, 134.48276249038494), (-343.197688274612, -679.8840720664053, 134.48276249038494), (-227.23710616036644, -621.9037810092825, 162.06897018072033), (-302.00116568139316, -649.3681294047617, 162.06897018072033), (-347.7750796738585, -620.3779838762002, 151.72414229684455)]
[(-280.16093334454246, -190.87583004420375, 124.13793460650919), (-243.80012099650534, -137.8086985092307, 124.13793460650919)]
[(-373.1014570105204, -615.4203026139975, 110.3448307613415), (-204.98551149614664, -670.5623327427121, 110.3448307613415), (-346.2029057282207, -667.8724776144821, 134.48276249038494), (-266.8521794454362, -698.8058115891268, 134.48276249038494), (-209.02029418849162, -679.976825691517, 141.3793144129688), (-242.64348329136638, -623.4898679986875, 141.3793144129688), (-288.37102047127604, -626.1797231269175, 172.41379806459608)]
[(-373.1014570105204, -615.4203026139975, 110.3448307613415), (-204.98551149614664, -670.5623327427121, 110.3448307613415), (-346.2029057282207, -667.8724776144821, 134.48276249038494), (-266.8521794454362, -698.8058115891268, 134.48276249038494), (-209.02029418849162, -679.976825691517, 141.3793144129688), (-242.64348329136638, -623.4898679986875, 141.3793144129688), (-288.37102047127604, -626.1797231269175, 172.41379806459608)]
[(-373.1014570105204, -615.4203026139975, 110.3448307613415), (-204.98551149614664, -670.5623327427121, 110.3448307613415), (-346.2029057282207, -667.8724776144821, 134.48276249038494), (-266.8521794454362, -698.8058115891268, 134.48276249038494), (-209.02029418849162, -679.976825691517, 141.3793144129688), (-242.64348329136638, -623.4898679986875, 141.3793144129688), (-288.37102047127604, -626.1797231269175, 172.41379806459608)]
