Dice for Mac_Automated_vs_MB_Filenames.txt
[[ 94.65  94.02  97.52  97.04  96.78  96.74  96.51  90.21]
 [ 94.75  95.55  97.6   96.82  96.66  96.23  97.58  97.38]
 [ 95.64  95.09  96.39  96.17  95.8   95.23  95.09  95.32]
 [ 94.65  94.63  96.69  94.52  94.08  91.48  94.08  95.04]
 [ 96.16  96.42  97.88  97.02  97.11  96.74  96.87  84.13]
 [ 93.43  90.52  93.48  92.91  93.88  93.22  93.67  91.43]
 [ 92.21  91.72  92.41  93.9   92.85  91.46  92.63  90.24]
 [ 87.33  84.9   81.    91.01  88.14  88.52  85.28  91.74]
 [ 90.54  89.48  89.91  92.81  90.79  88.03  91.44  90.73]
 [ 91.22  88.61  93.7   92.95  91.32  83.07  89.48  87.57]]
Dice for Mac_Automated_vs_YA_Filenames.txt
[[ 94.48  94.89  97.74  97.51  97.02  96.85  96.55  88.92]
 [ 94.75  96.11  97.55  97.56  97.55  96.66  97.7   97.35]
 [ 94.96  95.47  97.11  96.38  97.07  96.14  96.45  95.09]
 [ 93.11  93.76  96.34  94.38  93.45  89.29  92.81  94.23]
 [ 96.17  96.46  97.85  97.83  97.17  96.71  96.85  83.91]
 [ 92.71  89.84  93.42  92.53  93.63  92.42  93.31  91.78]
 [ 90.9   90.38  91.81  92.56  91.7   91.15  91.48  89.17]
 [ 85.93  83.84  81.15  89.91  87.25  89.82  85.03  92.13]
 [ 89.9   88.75  89.23  91.81  88.88  88.39  90.02  89.88]
 [ 92.74  90.1   95.21  94.91  94.05  84.19  91.72  89.03]]
Dice for Mac_MB_vs_YA_Filenames.txt
[[ 98.06  97.77  99.01  98.75  99.18  98.26  98.54  90.57]
 [ 98.34  97.58  99.06  98.    98.8   98.25  99.43  99.18]
 [ 95.58  95.52  97.15  96.61  97.59  96.32  97.02  95.01]
 [ 95.4   94.88  97.61  96.64  96.81  95.26  96.61  95.07]
 [ 98.71  98.23  99.12  98.49  99.09  98.98  99.46  98.8 ]
 [ 98.49  98.37  99.41  99.01  99.4   98.43  99.22  98.79]
 [ 95.35  96.68  97.52  97.39  97.54  97.16  97.12  96.85]
 [ 89.56  90.15  94.7   94.19  95.07  93.42  94.73  95.3 ]
 [ 97.78  97.41  98.71  97.91  97.01  96.3   96.55  97.52]
 [ 96.4   95.31  97.38  96.25  95.72  96.67  96.93  96.29]]
