[82.134419311006923, 1550.8188897870721, 0.14111745929962699, -0.02, 37.23920308644991]
[141.80847476139223, 2278.3725605724026, 0.074558446270737919, -0.02, 36.57405668809319]
[62.509747613741247, 1213.6503176032904, 0.091108058462215452, -0.02, 40.55238869561681]
[102.93520061472833, 966.26869932111561, 0.10394486030904911, -0.02, 36.337407114083334]
[98.482068668994089, 1321.3109620519974, 0.017980473139640872, -0.69, 50.07559660705837]
[144.22664426367064, 2073.6954354518766, 0.11871378023642917, -0.02, 36.785629587976985]
[139.64686210978311, 1492.2285062936251, 0.03234195230725196, -0.7, 38.85822710520685]
[88.680925746086572, 2257.8229369039755, 0.12096228198571533, -0.02, 44.04971391474112]
[81.684828257528707, 577.59600645435933, 0.10966492601489998, -0.02, 36.82635618046265]
[112.06283315108089, 2054.3704267273197, 0.1383934136670088, -0.02, 56.32934898013099]
[97.588344811716524, 1354.6315226123652, 0.086648378551747979, -0.02, 46.66165111729333]
[127.26738150627492, 2343.5276030741197, 0.055986229992138647, -0.06, 35.951764419168114]
[64.479093621159379, 2372.3334968995928, 0.087184901386575989, -0.02, 47.54353068735065]
[60.528278997887448, 1796.0857939938317, 0.0043967392969670449, -0.7, 66.50284242095688]
[115.86617091504003, 1168.7961125533063, 0.14906230917023028, -0.02, 36.731279971515846]
[131.89363996984312, 1261.1953375587141, 0.0039396282073856231, -0.57, 119.08228494893422]
[143.81749548114709, 998.3531519263604, 0.14507176465782606, -0.02, 48.1986084410438]
[66.228346460076807, 2191.9074003840656, 0.036471457045739376, -0.03, 55.54396222159096]
[72.139341060569905, 2491.7979011887378, 0.028563165415088895, -0.17, 41.87100139641552]
[75.230586793735426, 2116.173048520584, 0.011295965352464549, -0.68, 53.18329468054321]
[105.73457679899678, 615.79880599843773, 0.063343776776049437, -0.02, 36.402359014838]
[85.706166986186744, 1652.3080874209622, 0.037436641226698104, -0.25, 46.60705047955889]
[121.5400181502573, 1459.7770822248171, 0.13460506452104382, -0.02, 36.188567590111006]
[101.23200394425881, 687.77606595110603, 0.025653265158199025, -0.62, 43.2772845934669]
[91.667728193565509, 737.9949211344898, 0.0099949429469724377, -0.74, 57.784209767185075]
[94.178485517633845, 1670.5123504749567, 0.046587605824452503, -0.18, 37.207345034591526]
[137.1076423025759, 1930.3118136054347, 0.02168108467908117, -0.67, 55.50106567014927]
[87.014842040379648, 1591.3390782130948, 0.040958325593745265, -0.24, 46.60311547241895]
[93.488390109179306, 920.84550452535677, 0.082023861082970453, -0.02, 36.34975952571608]
[68.97861323562239, 2449.7808336159092, 0.066392134367094527, -0.02, 36.20990761656458]
[118.20899772683757, 657.51058255600867, 0.11409108280516558, -0.02, 36.9198007511327]
[128.8538952185873, 1894.023388081504, 0.07311833911573605, -0.02, 43.26526365864379]
[146.53308759953973, 1855.7736062370968, 0.1116827510270626, -0.02, 36.177599306268576]
[133.73828542219312, 1706.380585229314, 0.051255213071528603, -0.06, 36.69684529453593]
[109.04465050183479, 813.737834846993, 0.01550238076016662, -0.75, 50.749412308877936]
[117.55047732555283, 2154.0972709863581, 0.079422060113146439, -0.02, 46.95957036158484]
[125.4782973192069, 1763.2307725499668, 0.12706148567201753, -0.02, 36.210104805770015]
[107.17054822569369, 1407.8403156180134, 0.057897840514309892, -0.02, 36.59580689149948]
[76.992469096108749, 526.62053048702046, 0.1317678608647776, -0.02, 35.699577857114946]
[123.59950715433243, 1075.6996738623793, 0.099782447377831457, -0.02, 37.07376368365817]
[134.50991131998433, 1134.4108040317319, 0.068808500786652557, -0.02, 36.39624234611847]
[111.91298408917716, 1977.0560165791462, 0.10067383859418898, -0.02, 36.59592421029947]
[148.52093418852155, 1086.7358863631953, 0.094571139732832668, -0.02, 47.10157409062572]
[71.346467518640452, 787.54659878647226, 0.048539288881631601, -0.02, 36.60413623375052]
[78.636640319934259, 892.14136548413785, 0.12626798391367122, -0.02, 47.7413082421283]
[109.04465050183479, 1532.0611067700688, 0.080354865503138237, -0.02, 36.11772605153192]
[141.80847476139223, 1157.9146596208157, 0.06494946161303726, -0.02, 49.535849963005376]
[110.09697410052028, 2427.5772076325356, 0.087456913963212674, -0.02, 35.954433495014655]
[93.505029384075172, 966.26869932111561, 0.012741371361327247, -0.74, 51.341851477909586]
[106.85393053582851, 1073.5702113303371, 0.04166065082510944, -0.41, 37.57736677514049]
[144.22664426367064, 1049.1975149929922, 0.069278865841025217, -0.02, 36.89018462936474]
[79.768432911696479, 1492.2285062936251, 0.090042313067077009, -0.02, 36.08932846543166]
[88.680925746086572, 1045.4338831825507, 0.059777692281201264, -0.02, 36.831261920219276]
[102.19559300434436, 975.0181647317653, 0.10966492601489998, -0.02, 45.91426072918466]
[126.35516250467273, 2054.3704267273197, 0.034770799719187111, -0.61, 41.331380555564465]
[88.735613388430167, 1441.4845433987107, 0.05683627285936553, -0.02, 36.21695844720216]
[127.26738150627492, 723.36683261116752, 0.054305549617048018, -0.06, 49.615767178646365]
[96.408428421232202, 1541.5081044375504, 0.087184901386575989, -0.02, 47.25869965714264]
[100.48893941147222, 1796.0857939938317, 0.007125361157211435, -0.74, 104.91150417622748]
[115.86617091504003, 1426.0828701593023, 0.085422990871378265, -0.02, 36.39466746556582]
[122.09642472567651, 1353.6388558968481, 0.079951024132141071, -0.02, 37.0958345389472]
[74.778442026263946, 1480.4178565894281, 0.068254072848769942, -0.02, 36.65043093448048]
[66.228346460076807, 2191.9074003840656, 0.080139739321446427, -0.02, 36.7986859124112]
[121.08309667863452, 704.13909607296796, 0.028563165415088895, -0.66, 52.2080512879179]
[97.277003834682546, 928.38898060848726, 0.038531990020782114, -0.35, 36.537958775753395]
[122.50463011774897, 1057.6288199383766, 0.0098541865249316962, -0.7, 76.79865841124638]
[82.92132835579217, 1652.3080874209622, 0.052203118902059815, -0.02, 50.54138062285483]
[97.638191080343773, 1329.2094579942245, 0.13460506452104382, -0.02, 36.91416330484435]
[95.738929068060372, 1089.3335941080973, 0.0092509100805054922, -0.76, 62.27945513755412]
[91.667728193565509, 720.78848222402848, 0.0099949429469724377, -0.73, 54.0258347115614]
[99.920163662812072, 1612.0904263251707, 0.046587605824452503, -0.2, 37.598140102053094]
[137.1076423025759, 1621.0971983789068, 0.012895883424539678, -0.42, 245.89567345233536]
[98.575978950245613, 1511.4571476285639, 0.0079813784613219224, -0.76, 75.59082128133787]
[93.488390109179306, 661.76979776967096, 0.033528438136180456, -0.35, 36.32121653451986]
[106.7334915956588, 1693.0489193428302, 0.061770542200729202, -0.02, 55.50106654784622]
[127.26416176912136, 1087.7820550757988, 0.060210324899229131, -0.02, 36.32216503215159]
[67.761702101498926, 569.05596921479844, 0.0087769734135774852, -0.49, 49.5129113581861]
[123.33530699195175, 1905.5365375273918, 0.027696335700566323, -0.72, 50.55917680235734]
[83.489863102575299, 1702.6364171650266, 0.010472365066686903, -0.73, 47.573326444389295]
[98.364060922101729, 1721.8997779143872, 0.068081234159261733, -0.02, 36.92070858214856]
[117.55047732555283, 951.68130324804906, 0.010237372428706051, -0.73, 61.911981350699534]
[86.505160711585248, 1419.3061085223073, 0.12706148567201753, -0.02, 35.961457117053214]
[65.711113543834642, 865.80249564812516, 0.054513183506335029, -0.02, 56.089016005385474]
[143.24735872888328, 526.62053048702046, 0.026081451084241772, -0.73, 52.727563510869004]
[123.59950715433243, 1739.2266794620948, 0.022408478719057733, -0.74, 52.190734330845316]
[73.285529774762551, 1685.7084443430047, 0.14781882811843461, -0.02, 36.61184621465509]
[84.705416579699218, 866.64894317437017, 0.081739525469396224, -0.02, 37.146981147366205]
[127.43699959853591, 1086.7358863631953, 0.052931133833568525, -0.06, 36.68387001076917]
[68.468062124779564, 787.54659878647226, 0.045425861714944865, -0.02, 46.55156395322774]
[103.86452670112008, 892.14136548413785, 0.095937119437605953, -0.02, 36.16746629717545]
[106.73331035261234, 1537.5986808732614, 0.0092509100805054922, -0.73, 107.02140058752957]
[141.80847476139223, 952.94351843392269, 0.12402607379406522, -0.02, 54.69985637955415]
[88.342648537599104, 887.62061220323267, 0.099379552010673292, -0.02, 43.12671015556589]
[124.31488746084264, 1853.8270281009545, 0.082528983230326272, -0.02, 36.53681659970334]
[119.66050258888978, 790.35409867358214, 0.1073907935186626, -0.02, 35.910362000177884]
[144.22664426367064, 2079.1758005562797, 0.046052993622202963, -0.35, 37.609101656887105]
[139.64686210978311, 1443.2780862018221, 0.10626445371947034, -0.02, 37.190231995733484]
[76.801155453485961, 1220.3976036104011, 0.12096228198571533, -0.02, 46.32004597960713]
[60.806861967187388, 1954.3500988129451, 0.03542133919309319, -0.02, 37.27470240959974]
[120.70784554769648, 1502.6820586849012, 0.034770799719187111, -0.59, 37.936943339114805]
[97.588344811716524, 618.05307243730897, 0.014689056661957196, -0.71, 47.47016050440652]
[102.79821615206416, 2343.5276030741197, 0.08451787395806469, -0.02, 36.4774664522356]
[128.09232866079645, 1031.1218804629912, 0.10540749741663646, -0.02, 36.53892219423051]
[128.49140914118883, 2335.5362394817148, 0.007125361157211435, -0.35, 534.1913826561849]
[74.479913256000771, 1723.6922060779516, 0.10982110005477322, -0.02, 36.17932339527033]
[100.64927752643278, 1617.2554796910836, 0.0039396282073856231, -0.76, 91.71722190251239]
[101.59638118956275, 1851.9367660641919, 0.021036547509877303, -0.65, 43.62051668838012]
[98.407310566393434, 1394.4964819177158, 0.021221706293872898, -0.66, 42.21968457333878]
[85.000497910339064, 779.00483458903011, 0.097850303841405833, -0.02, 35.83470688000125]
[131.78937007090067, 1357.226459743204, 0.031323320468864282, -0.71, 38.72773436917123]
[115.52559250522972, 2026.0313949418887, 0.033094599785909576, -0.58, 48.28261543102144]
[61.444526490381847, 1669.4960047227673, 0.037436641226698104, -0.02, 44.22576993754046]
[77.202042010200614, 1518.1244549816322, 0.019887361135135624, -0.42, 47.938616521705626]
[95.738929068060372, 2024.3599779289098, 0.015313136124741673, -0.72, 46.68596565806638]
[93.948085829086949, 1545.6882773582283, 0.0039849940357516156, -0.78, 84.37472999853435]
[146.83909149752037, 857.63795267826413, 0.046587605824452503, -0.28, 56.54044938659263]
[131.59967905242792, 1202.2048267715647, 0.11381397816270497, -0.02, 36.17427459094233]
[65.857537416082067, 1511.4571476285639, 0.0079813784613219224, -0.63, 50.051229111914836]
[86.459670654537646, 661.76979776967096, 0.033528438136180456, -0.34, 38.4071986347717]
[143.70769248217147, 1773.1546526349355, 0.066392134367094527, -0.02, 35.2538910491603]
[71.715498675010537, 616.29037976675545, 0.10588366503908224, -0.02, 35.82275586835385]
[117.4406348638025, 569.05596921479844, 0.11060393318931359, -0.02, 53.80034154106579]
[89.336174660756996, 992.08467470721894, 0.013192938401204064, -0.73, 55.75706933541096]
[60.815082218628596, 2499.3343157631662, 0.01279537029093003, -0.31, 46.47629238653644]
[82.134419311006923, 1990.0851021703984, 0.082212897877433577, -0.02, 36.2406978040317]
[72.062279200717029, 811.55756396324352, 0.047128218032663927, -0.02, 36.26898187468396]
[138.24389341288304, 2279.5509184364214, 0.12706148567201753, -0.02, 37.12997635777538]
[136.18588073678791, 1407.8403156180134, 0.041889875856943731, -0.55, 56.98596445854764]
[104.85506162015164, 1894.0936378485521, 0.097655553098998094, -0.02, 36.564458196326996]
[132.43649377786446, 998.23869117091999, 0.028571504789592604, -0.72, 48.36956036461925]
[82.832747701417389, 1134.4108040317319, 0.1148614607362774, -0.02, 36.1573792208801]
[98.702919547705292, 1977.0560165791462, 0.10067383859418898, -0.02, 46.99264958220192]
[127.43699959853591, 1350.1917058613694, 0.049297958386486873, -0.2, 47.14497912105708]
[134.848175329821, 1412.2060729725868, 0.040689397340642072, -0.6, 38.11879303822661]
[78.636640319934259, 945.48922801893059, 0.074566702870478521, -0.02, 36.41092065416524]
[93.948085829086949, 743.54251056700457, 0.014162310297049355, -0.73, 49.472250007826005]
[141.80847476139223, 523.8303609001764, 0.027770423598255177, -0.73, 43.23515397873052]
[99.479099987323238, 662.96781302634304, 0.0079491003882999761, -0.73, 55.463340800582046]
[143.98690427252106, 1384.7525318189591, 0.11567475452150711, -0.02, 35.705619336478776]
[98.482068668994089, 956.80171187672158, 0.065896444067826451, -0.02, 35.85960187089768]
[64.753903643132631, 2079.1758005562797, 0.097499782283932163, -0.02, 44.339061865041]
[139.64686210978311, 1821.5747531103168, 0.03234195230725196, -0.7, 48.50377394978477]
[88.680925746086572, 1167.2184522654559, 0.12415106176174803, -0.02, 35.53817790737776]
[81.684828257528707, 577.59600645435933, 0.067597469059226603, -0.02, 35.81656576567184]
[115.92392738485381, 1846.4058497334154, 0.034770799719187111, -0.57, 48.386841336123325]
[100.13144405798639, 711.72388854639814, 0.096843710539681188, -0.02, 36.02510388272549]
[95.755991882017241, 1973.3930987393505, 0.061568924812334176, -0.02, 36.28149607508658]
[64.479093621159379, 658.49009184927729, 0.020290593674444572, -0.16, 44.12152326028081]
[125.96152779359034, 1796.0857939938317, 0.038172787491307321, -0.58, 41.624064631248984]
[97.354876027810135, 1432.8939384985854, 0.038777680577829196, -0.35, 52.20377222364732]
[84.922292771525605, 2296.4600234878767, 0.0071856504715914621, -0.77, 83.58097732704482]
[100.902937372891, 1851.9367660641919, 0.021036547509877303, -0.65, 48.74285035533558]
[139.65606036846887, 2027.6024363533031, 0.015267843097311572, -0.37, 272.4821995782968]
[101.60909692139879, 1666.5687088461489, 0.019794407681857813, -0.66, 44.03141452242926]
[87.641583277844404, 523.8303609001764, 0.027770423598255177, -0.42, 36.29058608786272]
[125.22510447862749, 604.17805327160295, 0.097330770139373052, -0.02, 35.910978435867946]
[122.68041094035554, 1725.0922695536899, 0.02767487422269102, -0.71, 49.50330730767382]
[94.100887685825597, 1518.1244549816322, 0.019887361135135624, -0.65, 42.332260007718105]
[124.11684987967327, 1369.5735792587097, 0.0092509100805054922, -0.59, 117.24089177501537]
[128.42586377101151, 869.65157227252143, 0.045542844459134743, -0.33, 44.15043517668346]
[133.30061079747404, 857.63795267826413, 0.046587605824452503, -0.31, 46.65752213916858]
[90.562090327921169, 1580.4948153300618, 0.096793411768142545, -0.02, 35.30286360270475]
[65.144703823274028, 827.73842356388332, 0.0096416614697259484, -0.51, 41.32469835756456]
[89.065468433705362, 2212.0517528451574, 0.033528438136180456, -0.35, 56.30288817821565]
[74.22942095115846, 2356.9980382928734, 0.084736991498521652, -0.02, 36.04614841793591]
[100.777306440815, 706.69959918568782, 0.047927869577956958, -0.13, 42.63760281120449]
[114.42837546331022, 569.05596921479844, 0.089624601649231375, -0.02, 46.47725112396438]
[89.336174660756996, 2441.4063089355927, 0.013192938401204064, -0.73, 53.86714391915666]
[113.68298994452864, 2164.1725597630339, 0.023445490235935257, -0.67, 43.53546640952118]
[119.9469186566467, 2400.6307866297693, 0.035302901806794067, -0.57, 43.44410432069526]
[142.2501042444149, 1750.7915351891972, 0.014082461502850828, -0.36, 249.85494217879932]
[133.04638239175924, 761.34152449997373, 0.0098844600067899413, -0.72, 59.578422644342936]
[86.03399675941985, 1407.8403156180134, 0.041889875856943731, -0.24, 55.27801191151593]
[80.524165909643784, 2436.1188291934291, 0.10498311560263292, -0.02, 36.31749071177546]
[140.12931166273461, 745.16788777534543, 0.035248581574508872, -0.67, 39.31256478499199]
[134.50991131998433, 1018.8391877813854, 0.051909974076804685, -0.06, 35.48247693047233]
[98.182869503102225, 735.62782433440543, 0.0094706252013764813, -0.74, 57.329486485956295]
[108.81048229440945, 1688.0525433039847, 0.0036581065465981083, -0.69, 99.4254333700901]
[111.14770219819107, 1661.9923131955343, 0.086210389484963207, -0.02, 35.82596882362486]
[78.636640319934259, 2126.7486887388573, 0.12626798391367122, -0.02, 36.46133058243686]
[144.4210271624714, 1500.5527868880449, 0.0072332420973661993, -0.4, 229.19786678728087]
[77.19016108818883, 1265.6121492446541, 0.0077221192802292421, -0.74, 57.908652539454124]
[99.479099987323238, 1823.4120429326206, 0.061535982820100928, -0.02, 38.3700337357368]
[143.60177165504049, 790.92334566886689, 0.012741371361327247, -0.66, 70.43965615351772]
[98.482068668994089, 1933.3100049267759, 0.099549460941147846, -0.02, 35.99028301917133]
[101.43503837802443, 2079.1758005562797, 0.046052993622202963, -0.25, 38.524679516342076]
[131.40567326547193, 1848.9773229862933, 0.13094249020115362, -0.02, 35.31869374146663]
[74.147014656056726, 2014.8873693960963, 0.050632362853329178, -0.02, 35.90772305858627]
[106.42485509522783, 1665.2010424828247, 0.0037105766638511617, -0.7, 112.25782020498991]
[126.35516250467273, 1053.477147330545, 0.11016096091937261, -0.02, 35.49830882462629]
[126.82060188584418, 1290.6044301928985, 0.02515396165088371, -0.73, 41.58176900952276]
[88.659576088256443, 1178.8126548925682, 0.0016762020328689314, -0.79, 78.34390938424622]
[94.490438161048331, 2020.1731167779733, 0.020290593674444572, -0.65, 42.91740259101789]
[85.927899414687616, 1250.3624544874153, 0.007125361157211435, -0.78, 67.6374954396324]
[97.354876027810135, 1494.1715805555775, 0.038777680577829196, -0.35, 37.05371679709606]
[74.138406010591154, 792.20869727360844, 0.036008709765444909, -0.1, 44.22720029069205]
[99.100489891422981, 1784.8788009669315, 0.014041551976848407, -0.73, 51.10135876235472]
[74.302449286320012, 1013.2725992657547, 0.099910361902166941, -0.02, 55.87297913978182]
[99.216725381198401, 704.13909607296796, 0.027370025741570041, -0.58, 43.29817728713897]
[77.197501820377624, 1837.8113418274852, 0.0010081997662330089, -0.8, 81.0850397464983]
[64.532923332458154, 1998.3036042995077, 0.0030993473945917643, -0.76, 76.92361492868622]
[107.50511880268257, 1522.4524161644756, 0.026770561657100275, -0.61, 41.676420998368485]
[63.993935608898077, 886.18676858429512, 0.094891642788560382, -0.02, 57.39190535386115]
[81.775978880881127, 772.88846260562366, 0.010953883549029125, -0.7, 62.077806940063965]
[79.492229497316345, 1270.7064184986671, 0.12536357552990854, -0.02, 36.03437938208481]
[133.30061079747404, 1861.0790011427864, 0.14124921433472204, -0.02, 35.79343962631174]
[62.797541807866608, 2007.5428777902068, 0.02168108467908117, -0.08, 35.88715043166667]
[132.80268421543542, 1062.8212004431448, 0.060228088885909165, -0.02, 35.55337113085625]
[115.1202076573302, 661.76979776967096, 0.033510597473124751, -0.58, 40.27691245004098]
[84.497125932695653, 995.44516326848111, 0.02602489102669156, -0.39, 36.261868142444655]
[100.777306440815, 833.17154589374104, 0.010928239484062047, -0.75, 71.6734096207856]
[123.27726599189626, 533.36513615213721, 0.028593746149795651, -0.66, 55.30624068727229]
[67.765917911761846, 668.74303121367416, 0.086275539996419043, -0.02, 39.38061378504608]
[118.95547587547847, 1468.7329920725806, 0.012207005899757692, -0.62, 94.39000631064118]
[119.9469186566467, 721.7546828884731, 0.0022029099431431776, -0.75, 58.77524350965177]
[117.55047732555283, 1957.4366326338618, 0.014695402171742714, -0.7, 69.36478627937686]
[68.561678518900237, 1300.7861427414814, 0.003923630313922552, -0.73, 73.41408065506585]
[64.688109965535631, 1407.8403156180134, 0.11501648698775974, -0.02, 35.72058845471838]
[143.24735872888328, 1055.4105058305995, 0.011030198918579218, -0.55, 110.70556345645309]
[102.95526284642722, 2060.3680424903423, 0.016094184225368145, -0.73, 53.8562935392456]
[88.807904926960759, 1018.8391877813854, 0.051909974076804685, -0.02, 42.157591038365354]
[98.182869503102225, 1858.7920042363617, 0.015641982120906228, -0.71, 46.13263343843391]
[69.106750757787722, 1816.8306794186085, 0.0036581065465981083, -0.78, 74.24828285943113]
[107.55397951762183, 501.08069711902556, 0.018954317813603287, -0.69, 41.35654295140739]
[111.67512970620011, 2044.3491452749904, 0.0024054856782212836, -0.54, 174.85746146106612]
[77.197501820377624, 1568.0091446954605, 0.095546984873658841, -0.02, 43.083651522789296]
[72.221266854493379, 2453.5429292135223, 0.0077221192802292421, -0.74, 60.689779250487845]
[103.61102767051837, 1257.7842586300544, 0.0079491003882999761, -0.76, 71.65204794447709]
[93.505029384075172, 1354.0954824458447, 0.013025521391856476, -0.74, 54.87974764462706]
[88.176582723495471, 1915.3833300188012, 0.06719668063066371, -0.02, 38.78292950017749]
[77.097483525756502, 1855.853573552864, 0.14433485638495103, -0.02, 35.58849333696526]
[82.889149506822051, 1181.0033421876403, 0.03234195230725196, -0.26, 36.27834894707121]
[88.680925746086572, 2427.1548765924122, 0.03005556286937907, -0.38, 46.39923207384709]
[106.42485509522783, 1286.4304199968506, 0.017383176159445152, -0.73, 50.30760345777344]
[77.640377560299697, 1715.5862947318192, 0.034770799719187111, -0.15, 36.141061082720626]
[65.582999279257564, 509.31149662357416, 0.009303063026140368, -0.39, 48.283336605190925]
[67.580017619569958, 2470.7784562541301, 0.0016639006531254802, -0.8, 96.0436048527281]
[90.438914739878612, 1297.9639168847875, 0.0072493387284907201, -0.77, 79.6014434600911]
[85.927899414687616, 1160.2823046564331, 0.0050368240277645498, -0.78, 70.7503830414953]
[97.354876027810135, 1432.8939384985854, 0.14816527339440191, -0.02, 35.63525643520006]
[84.922292771525605, 1732.6303567641319, 0.074657732016401149, -0.02, 36.03742294188305]
[99.100489891422981, 1899.26714437898, 0.14132018901310373, -0.02, 43.004026287602755]
[98.407310566393434, 2228.3538481308374, 0.13194306937389633, -0.02, 35.96571394633793]
[77.919313612970953, 2038.0282816970744, 0.059523399873865943, -0.02, 35.26082865691569]
[100.82889371463796, 1591.9203381221612, 0.0010081997662330089, -0.76, 101.55346826263121]
[83.492741870737092, 1998.3036042995077, 0.073384490362008434, -0.02, 35.38477172716375]
[80.595374359082982, 2312.0536205544922, 0.02767487422269102, -0.35, 50.097953591490295]
[81.086771206088144, 2035.8286334587276, 0.039962454315109662, -0.2, 39.047290301421526]
[127.36747389419408, 1581.4831097759879, 0.030063614885563202, -0.71, 57.72686076832906]
[93.948085829086949, 1851.4381915401623, 0.007331960837733742, -0.76, 79.27307311184632]
[87.831659452235627, 1996.2740014463534, 0.11186552973760122, -0.02, 35.769575929107305]
[64.336764068893331, 779.59713387898046, 0.01798487001233217, -0.22, 41.57022407890872]
[104.88023038364608, 1876.6494973944818, 0.10160010976318903, -0.02, 45.94210478119385]
[115.1202076573302, 1957.3512954489763, 0.14446886527098129, -0.02, 35.54748617408222]
[66.708442592999162, 1035.2052299900201, 0.02602489102669156, -0.09, 35.62578082098116]
[66.14051144858675, 1464.6723850524338, 0.0066959175098868506, -0.71, 69.01341442471312]
[94.708893262825285, 1672.7891318067213, 0.07676686043168289, -0.02, 46.18675075781721]
[107.84451352022226, 1028.3789067379732, 0.013192938401204064, -0.77, 64.58688100801737]
[77.202306784993013, 2212.3512109575308, 0.067416960187572261, -0.02, 46.5695184107135]
[71.32084347981592, 2499.1654095215636, 0.11662144809750558, -0.02, 35.72202612201181]
[74.426422698516646, 1987.9713762860347, 0.06674821502823973, -0.02, 45.56528761976551]
[71.919046764434228, 1322.955827305525, 0.0046368395038182825, -0.75, 62.61651088036888]
[70.331383334792847, 2102.5915250585617, 0.041889875856943731, -0.04, 45.274127518221576]
[100.58374607207763, 1807.6716787267144, 0.0014623753047735139, -0.74, 115.74503611283217]
[145.54859250001485, 974.6124975806739, 0.12341082822083946, -0.02, 35.51225133022308]
[81.292541184101424, 1723.1911930549581, 0.10196271090120179, -0.02, 35.383061388743954]
[93.003867472393395, 2118.521104236992, 0.018652715080201478, -0.66, 49.72370252282235]
[69.106750757787722, 1970.2048190355322, 0.060142087734466387, -0.02, 35.51002344327935]
[78.776185344544714, 886.8978305375075, 0.060529585028601125, -0.02, 48.26050917529574]
[115.97413933733094, 1065.3142271838531, 0.016383901944777367, -0.76, 57.86881446865664]
[85.012473947336261, 2260.2757748261547, 0.050685814296673348, -0.02, 44.23967089882353]
[107.00381527036137, 801.00700429353424, 0.0077221192802292421, -0.76, 59.1000738142975]
[103.61102767051837, 1999.6787370247325, 0.0079491003882999761, -0.71, 127.41801098115684]
[105.12442695717287, 1641.8675810163318, 0.0087654134205564782, -0.72, 83.87736382022922]
[104.36238295888714, 2053.0141605948402, 0.013336975498779102, -0.75, 62.52057277320273]
[108.25108872096177, 2085.0928957587907, 0.090025140629577241, -0.02, 35.363046099266285]
[68.498361252702296, 1603.0619965988408, 0.03234195230725196, -0.06, 47.4475053956412]
[88.680925746086572, 2077.8909826199069, 0.13745566651860663, -0.02, 54.24686128324538]
[66.886992733989189, 1415.2986944002982, 0.011471382769942695, -0.53, 51.42746670091765]
[84.990869298633982, 2054.3704267273197, 0.034770799719187111, -0.25, 40.17624853095549]
[64.499373941581865, 2227.8035927251794, 0.0064744848983998154, -0.65, 48.60887608881785]
[67.09761048082126, 2470.7784562541301, 0.0069490173018788015, -0.73, 58.69363029130545]
[90.438914739878612, 1297.9639168847875, 0.0070505495897080495, -0.78, 70.85336700568223]
[85.927899414687616, 1926.2509331397762, 0.007125361157211435, -0.77, 74.77442315574626]
[64.566711257617371, 2155.6934379671097, 0.064934621139983953, -0.02, 35.39828650187155]
[76.916810440146961, 1691.490082850077, 0.13283522060713371, -0.02, 35.45289328348372]
[74.783437558863241, 1812.337478210218, 0.0010482350838807303, -0.8, 78.30066380205972]
[62.030654273241488, 1634.7430390696313, 0.021221706293872898, -0.09, 46.148135318604545]
[64.207782232924799, 1660.893415727242, 0.076873851310761424, -0.02, 35.25310697338864]
[111.29616695795258, 2085.0928957587907, 0.11001282362544219, -0.02, 35.608877844213566]
[64.532923332458154, 2138.0572741928263, 0.015010705568909391, -0.33, 37.09461015196757]
[122.68041094035554, 2002.7120463477904, 0.093178086587952569, -0.02, 50.04951175192036]
[94.100887685825597, 1518.1244549816322, 0.026712629676847489, -0.52, 49.90622951126534]
[95.738929068060372, 2097.6121789884933, 0.01348585024939402, -0.74, 54.35062727524564]
[119.30725289384935, 2260.3598217879539, 0.09643507085386803, -0.02, 45.697286190876184]
[133.30061079747404, 1952.9768636252707, 0.007605928822474961, -0.38, 358.57190106484995]
[79.700842163594771, 1714.3841633737632, 0.065742260113650211, -0.02, 36.165801598986945]
[79.463741056053919, 1404.3084941668719, 0.0079813784613219224, -0.76, 54.56730076356689]
[115.1202076573302, 2361.5242467889243, 0.0071322881967052082, -0.42, 325.47452792348486]
[61.580755646567916, 1513.0652472212041, 0.02602489102669156, -0.05, 36.37582946000839]
[100.777306440815, 2001.6219590969672, 0.010928239484062047, -0.73, 81.16553770483006]
[66.227299744762433, 2428.3654360076648, 0.028593746149795651, -0.07, 35.9289712194477]
[65.492058303008548, 2080.1321741400034, 0.0028830716106907628, -0.77, 92.42068824884336]
[117.40397109251653, 856.57320480308408, 0.028151034562088721, -0.62, 48.553138833780395]
[62.500744661327104, 2313.3550773733541, 0.037799485101366728, -0.02, 37.23927622784322]
[84.73201181987028, 1785.9726007757631, 0.012161259780412201, -0.72, 53.20577688304547]
[61.711245050958325, 1891.3461773409322, 0.0046368395038182825, -0.72, 77.81244585708191]
[69.760278237863275, 1508.7925729256378, 0.041889875856943731, -0.03, 37.30454614739574]
[102.0575129830338, 2430.8623328197018, 0.0014623753047735139, -0.65, 173.19270856342337]
[76.011442196634661, 2260.3598217879539, 0.10685500279278722, -0.02, 35.30034285761212]
[114.21771621198769, 2379.0235917679802, 0.10217452148978386, -0.02, 35.95097566234472]
[86.173643435104879, 1901.231691625934, 0.035786764690177948, -0.27, 44.73740717259352]
[79.835390608895437, 2067.9098037108974, 0.026256548632996181, -0.35, 39.457850514783786]
[68.766236499663677, 1457.4020370912513, 0.077882432300414126, -0.02, 35.738561051268334]
[75.489522876793018, 1625.4948890156425, 0.0013078098702412472, -0.8, 71.85179446565598]
[77.197501820377624, 1242.0654839005047, 0.0082417757345104176, -0.74, 50.8001812151233]
[117.64035554829789, 2425.2025223357459, 0.030334035844513059, -0.6, 38.708465414503735]
[67.420395017229481, 1105.8360724065237, 0.12054912268591528, -0.02, 35.74254872021629]
[61.358277101738977, 966.26869932111561, 0.058384827696714034, -0.02, 48.22840185755558]
[77.197501820377624, 1837.8113418274852, 0.013336975498779102, -0.67, 53.99131957904683]
[144.22664426367064, 1950.6381002253854, 0.026528180435492765, -0.73, 60.824859414922685]
[100.66121625062426, 1154.3591587607746, 0.0056335437267825, -0.77, 62.313509771836834]
[97.405312529555786, 2338.9858766366874, 0.12452883834148806, -0.02, 56.28293140185633]
[69.348913690397296, 2119.8724422409709, 0.054604750645413286, -0.02, 43.95094230986797]
[84.017195456574299, 1727.6858037598834, 0.036606349318724286, -0.25, 51.3497323171141]
[99.903235366437912, 608.69201899123971, 0.020801858848037785, -0.66, 40.86091461268734]
[93.28432860906409, 1275.4363394477523, 0.0016639006531254802, -0.78, 68.13421065951115]
[89.917431496987106, 728.51208163549154, 0.019325164974991434, -0.64, 51.41417866453776]
[99.574739481656863, 1929.0991261084118, 0.019434723436126886, -0.66, 50.24095292122365]
[69.88425840832511, 749.75342585388489, 0.0076503535157902008, -0.61, 46.52735970968206]
[92.953881303327535, 2296.4600234878767, 0.0071757697306693152, -0.74, 123.88905678902665]
[74.783437558863241, 608.69201899123971, 0.020801858848037785, -0.36, 36.91180054516735]
[132.37765552336049, 950.03968295934646, 0.008067595787213111, -0.66, 74.09879998373435]
[79.366928772478701, 1427.9245912992099, 0.028563165415088895, -0.27, 44.62888669724998]
[103.99131493911064, 1219.8455721802393, 0.011773474414592699, -0.75, 71.46874916801607]
[64.532923332458154, 1998.3036042995077, 0.0082857161208063773, -0.57, 62.600249499930214]
[75.064331403632707, 1520.4177414416067, 0.0019627572839453072, -0.79, 80.29143686858879]
[97.057763107728803, 1401.690488769173, 0.019887361135135624, -0.66, 46.62723165372154]
[95.738929068060372, 832.72705185648329, 0.0092509100805054922, -0.75, 56.567791688619764]
[98.872891738042924, 1420.8442204711669, 0.0039849940357516156, -0.77, 73.73997560588032]
[83.005752015765594, 2182.6680909246907, 0.0056530088611724122, -0.79, 100.759529519426]
[101.56429836196575, 2220.288124972577, 0.024155966871751498, -0.64, 51.77985814665226]
[104.20976669891134, 1511.4571476285639, 0.0074415082410875105, -0.74, 80.54035166968606]
[93.609707862654702, 2362.2984170820946, 0.016135823899678277, -0.7, 51.67505910556065]
[72.149916542129489, 2132.0506868050834, 0.02602489102669156, -0.23, 36.16838875646863]
[81.092385213001734, 833.17154589374104, 0.010928239484062047, -0.71, 44.02791426775002]
[60.710099378274705, 1619.0202852233708, 0.028593746149795651, -0.03, 36.20905625070736]
[89.480415702715874, 1434.7721000248205, 0.13009815813423212, -0.02, 35.29932531449958]
[75.937344781284267, 1545.3224070392289, 0.010472365066686903, -0.7, 44.84575795990531]
[114.1073921777529, 1841.3195443061131, 0.0022029099431431776, -0.55, 164.69255394251377]
[117.55047732555283, 1425.5630993323248, 0.021811087451294675, -0.73, 50.15571130446915]
[115.67941718979048, 2349.0634938827129, 0.011952610369001387, -0.58, 127.30783838794014]
[75.667549755436951, 1406.8219491975692, 0.0032740531025280406, -0.78, 79.28011428781974]
[100.58374607207763, 1311.2277550367014, 0.0014623753047735139, -0.77, 72.53224672524084]
[64.585798321258821, 1748.7041639554097, 0.0015276609056522339, -0.74, 79.88833795538085]
[86.982225331777641, 1535.4993250742805, 0.021145147202070141, -0.52, 55.77001272952839]
[64.585798321258821, 1748.7041639554097, 0.0015276609056522339, -0.74, 73.93346619711883]
[69.106750757787722, 2043.5985011430089, 0.018919885293785833, -0.34, 44.76306312658562]
[107.0695061944857, 2484.9364780284832, 0.13912277537219075, -0.02, 36.20432634286772]
[89.459089319268429, 1182.5006990360089, 0.0098303409271661701, -0.76, 57.36352707709011]
[70.224820915469365, 2189.418495913571, 0.084642080859236593, -0.02, 43.00061789852043]
[84.829835769528785, 1664.6038663034701, 0.013582100344562281, -0.69, 53.91708925327475]
[71.295748362596598, 2166.2674233129414, 0.11404746683115623, -0.02, 35.69233364062529]
[98.507978492508883, 1367.9662787825112, 0.0061269864476527353, -0.77, 76.08164306003528]
[92.896350722966787, 2070.0953533891748, 0.013336975498779102, -0.74, 51.28471985528449]
[68.503016858972558, 1950.6381002253854, 0.026528180435492765, -0.11, 36.8089245376832]
[105.86497785284787, 2185.768748166673, 0.0043282659478337815, -0.64, 163.9741360318767]
[98.155104641006702, 2258.5871586652192, 0.0095997985252874452, -0.73, 91.47115113148175]
[93.321731556789814, 2302.7684464015024, 0.021848058872178298, -0.62, 39.091517441149335]
[83.728411047365697, 1603.1047407474432, 0.004648028166810439, -0.8, 81.46869475081621]
[71.075559310242937, 2026.9568792082532, 0.090398026249947416, -0.02, 35.99988180350192]
[70.56299569467788, 1725.42323719365, 0.14950498415632946, -0.02, 35.399777123537206]
[99.928060048257663, 1243.8101657720265, 0.0077358604944681719, -0.77, 62.60014271349064]
[99.90597713553295, 1210.8127470410284, 0.0056685148467662122, -0.77, 62.94138302189094]
[82.794043550707599, 749.75342585388489, 0.0032604582256979542, -0.71, 52.90427049209757]
[75.6684179557096, 2059.1120648918254, 0.053372518325343149, -0.02, 41.398213945609314]
[74.942953395675772, 1812.337478210218, 0.0010482350838807303, -0.8, 79.36154377497951]
[79.700360257958522, 2486.5017765900047, 0.0095147867351754317, -0.73, 46.31627510175895]
[68.711133071609794, 1194.4543586993202, 0.11077046562665985, -0.02, 35.49592734075122]
[96.394596057658191, 2240.6643064947675, 0.0036972434413429511, -0.73, 133.59359509566275]
[68.171248938658579, 1427.7000418790064, 0.13661429511080528, -0.02, 55.31585263705347]
[104.65510840806444, 1128.5142108703931, 0.018248330810763207, -0.68, 54.231423182372964]
[97.057763107728803, 1401.690488769173, 0.10418157218065437, -0.02, 38.30963912912557]
[73.417114924277783, 2352.028457073422, 0.0096662883756157281, -0.69, 51.29891718550789]
[60.671527779708853, 2200.7130072162613, 0.0039849940357516156, -0.74, 77.22741795948969]
[69.614248113831934, 2182.6680909246907, 0.14240022685069337, -0.02, 46.073475213990605]
[88.423251869641703, 2435.6179123821476, 0.02168108467908117, -0.56, 45.86621268289309]
[82.371581271362345, 1511.4571476285639, 0.0058779735881980405, -0.79, 69.70898559611669]
[93.609707862654702, 1763.6641346460244, 0.0014404499356024253, -0.77, 103.1117580061291]
[64.083063256957104, 1851.8651218384709, 0.0034365511179662023, -0.75, 78.47009379945302]
[74.166277572072545, 1698.9803063918071, 0.0058812002224711002, -0.79, 69.44475323116421]
[70.784131149223043, 533.36513615213721, 0.0022915054859472955, -0.52, 39.68124569745851]
[107.84451352022226, 1850.7145995347159, 0.13202670953672643, -0.02, 36.871394019432046]
[83.489863102575299, 1786.0771200586116, 0.07997787627377255, -0.02, 36.072509454988904]
[65.80281848924642, 1963.0875265718389, 0.0037708776086349816, -0.76, 86.47608203187701]
[91.321925012707851, 1422.4790287092142, 0.015045693786959254, -0.71, 53.491614046306495]
[77.463528525317642, 1903.5542578973887, 0.10701785142055897, -0.02, 35.99234297346629]
[116.01572514771179, 1406.8219491975692, 0.0133452337732127, -0.65, 82.84229866441092]
[100.58374607207763, 1923.0550094705595, 0.0014623753047735139, -0.73, 118.38180452698361]
[97.659920517386013, 1465.4658114421718, 0.0024823306237152648, -0.77, 77.62894872115066]
[86.982225331777641, 1853.4478632515124, 0.03423499333114656, -0.28, 39.42150362912798]
[90.089466812224941, 735.62782433440543, 0.0024447799936359871, -0.73, 56.740362085020024]
[76.853284235799379, 1816.8306794186085, 0.084807882024217907, -0.02, 37.431001185766945]
[66.434257469904381, 501.08069711902556, 0.084753647627092421, -0.02, 35.862205704619555]
[87.659038929878179, 993.86970272688427, 0.010534668164388486, -0.76, 50.53263964082362]
[91.024855365015441, 1041.7172520238519, 0.0022003926937899237, -0.77, 67.94384408360929]
[107.00381527036137, 801.00700429353424, 0.0087280477853967225, -0.76, 53.483898799226154]
[71.800312421291906, 1904.2226060860271, 0.0024510766614512652, -0.8, 80.18649212984019]
[69.641142932911151, 1845.9089363203761, 0.0024073823717119525, -0.79, 82.92783226161919]
[104.36238295888714, 1225.5650448263636, 0.013336975498779102, -0.75, 54.190752469912695]
[70.632042213191653, 1950.6381002253854, 0.0026000166912723138, -0.8, 79.04647755422047]
[100.66121625062426, 1006.7205862029996, 0.0076510725381275652, -0.77, 63.926523908314266]
[61.852407457837685, 2256.9851432531286, 0.12018078364567547, -0.02, 37.25796882830764]
[73.571929908324464, 1915.6972717814219, 0.078341997062290919, -0.02, 48.594827089349565]
[79.854091429942784, 1851.6641133615037, 0.0098049349421829857, -0.72, 54.932839814198815]
[87.545553101798163, 1290.6044301928985, 0.02515396165088371, -0.48, 56.10990431057144]
[97.605784926635934, 2186.8735697641146, 0.093288704084993887, -0.02, 40.58710218759734]
[81.857426455122322, 1224.7742553296148, 0.0019359474324697756, -0.78, 69.59254010416043]
[78.588452401235102, 1852.4890312162897, 0.083313055209234391, -0.02, 49.79386940515906]
[82.794043550707599, 1835.2224211718271, 0.080721869520506084, -0.02, 51.68236856417934]
[91.035531333198691, 1282.7409090099093, 0.0030763770053180844, -0.78, 68.16855054523694]
[86.909313729006328, 1812.337478210218, 0.0010482350838807303, -0.8, 90.80431077837784]
[74.029079738859991, 1965.0636360180222, 0.080023623060844803, -0.02, 46.81106436238042]
[82.59700635129613, 1702.6685173220487, 0.0064725728394566112, -0.78, 73.712792752096]
[67.006470301138478, 1837.8113418274852, 0.12449672929772923, -0.02, 45.84190428599686]
[64.532923332458154, 1405.1213473840685, 0.073309684804812494, -0.02, 36.777098375470814]
[77.300078456056198, 1711.8150054801861, 0.002141122037465637, -0.8, 78.37267004423848]
[71.387692598595805, 1925.9014669496814, 0.11742202676152429, -0.02, 36.56698859608878]
[129.44013106844864, 1792.6114384035575, 0.13323664477068342, -0.02, 36.60650513730434]
[82.189550525606165, 1545.6882773582283, 0.1240100834907738, -0.02, 36.1235545431482]
[89.765015536490509, 1758.4979875889219, 0.00157658578565191, -0.79, 96.28640883641856]
[79.20385749372339, 1247.430619888795, 0.065285460481637039, -0.02, 37.140942301091854]
[79.621528120509012, 2248.5738591535769, 0.0058779735881980405, -0.79, 83.07504102500752]
[74.234582476871282, 1857.1547536425721, 0.0014404499356024253, -0.8, 83.48847247703816]
[62.841132649969083, 1892.8913999744248, 0.0020520635627718914, -0.73, 74.67811700107632]
[62.090185354970608, 2338.1284513804276, 0.098530165450066168, -0.02, 46.37733880586893]
[75.755389258148966, 533.36513615213721, 0.028593746149795651, -0.22, 36.442543483291956]
[71.183053017144317, 2053.9574842579218, 0.11091270544128434, -0.02, 36.206778920179204]
[83.349995076874848, 2056.5965643907457, 0.0020659240324063383, -0.8, 99.37002759185998]
[80.178735142325394, 1649.7705496981587, 0.0038140963756536639, -0.8, 74.75638473193976]
[117.55047732555283, 2114.3804855565349, 0.10160654147927525, -0.02, 36.38434224088269]
[75.45095215469297, 1757.8188111981797, 0.0038159555178844118, -0.8, 75.91249334047825]
[67.653034267443786, 2124.1510707443585, 0.070084964799477512, -0.02, 45.798572689527646]
[73.727574810403922, 1769.2742321504174, 0.022428262508426465, -0.33, 56.58780844092689]
[80.140448989233192, 1465.4658114421718, 0.083677146673438091, -0.02, 43.57133143965257]
[66.355364231002127, 1535.4993250742805, 0.0016036440751603098, -0.74, 83.03243703915359]
[73.850868049339439, 1639.1096323839813, 0.041725937850555089, -0.05, 55.68620029566591]
[74.598316915956232, 1816.8306794186085, 0.001051305161119398, -0.8, 80.09859050677187]
[81.336418778350946, 1765.2232556189761, 0.0053638188692313182, -0.79, 87.93978970970784]
[100.44833056303924, 1327.2354174301317, 0.0013078098702412472, -0.77, 87.8131026668234]
[90.330497819126407, 1780.5996811030673, 0.11581046193563002, -0.02, 36.44223248607159]
[70.293975563486697, 2134.0864038086861, 0.024199910116265773, -0.23, 45.776179719530774]
[107.24395753047028, 2207.8625916095557, 0.0024510766614512652, -0.64, 184.70566965775652]
[101.858470836245, 1832.8227861139137, 0.013279419683301652, -0.75, 56.05376243732826]
[68.422938414986248, 2053.0141605948402, 0.11756965956539867, -0.02, 36.37277127193374]
[70.632042213191653, 1749.9266995946568, 0.0062167010215133239, -0.74, 58.160105347014905]
[100.66121625062426, 1764.5718898367097, 0.0056335437267825, -0.74, 91.02250092670147]
[98.155104641006702, 2316.0649992799022, 0.12357223412585495, -0.02, 36.61522651744235]
[124.32611878570171, 1471.461340658082, 0.014576651198088882, -0.64, 105.59684228111291]
[63.735418924403149, 2133.4315751963859, 0.14504669091932543, -0.02, 39.50277659369749]
[61.867434809104566, 2258.7460359539141, 0.11511081712692037, -0.02, 36.48066975284382]
[67.580017619569958, 1624.7884541679298, 0.0016639006531254802, -0.76, 70.0569525724859]
[68.203650459917029, 1689.705428167563, 0.070494182407581527, -0.02, 36.578580629760836]
[85.927899414687616, 1901.5832216915501, 0.0014476237104753681, -0.8, 108.7867401669464]
[82.794043550707599, 1380.7507572641562, 0.0055635335040180173, -0.79, 85.13032304799708]
[80.449857538830685, 1818.3379481881148, 0.077345851773452767, -0.02, 36.13461410745731]
[74.783437558863241, 1677.0258192453573, 0.032575938963097219, -0.15, 46.45692425213929]
[64.620850958285118, 2384.2437276133996, 0.01193909273909502, -0.4, 40.575916527526715]
[66.834451340128865, 1702.6685173220487, 0.0033099029720268652, -0.76, 67.30619768013275]
[101.62970923660198, 1837.8113418274852, 0.00828946515873559, -0.72, 90.80134474845909]
[77.350707866480093, 1705.0499680369446, 0.091609634373227167, -0.02, 39.971619382704375]
[71.715447658973403, 1503.1229662903011, 0.021696475560114621, -0.33, 39.61228711099466]
[93.926710495385208, 1401.690488769173, 0.00200647730662179, -0.78, 93.15002646255743]
[76.534293639689508, 1468.2939466565749, 0.0092509100805054922, -0.72, 47.32614158360229]
[90.296625832676, 1423.7431182982623, 0.0039849940357516156, -0.79, 81.30245137779275]
[62.867545676017698, 2330.9380901279919, 0.10407904494023471, -0.02, 36.573913916086894]
[75.547455791009966, 1869.7158229499385, 0.02168108467908117, -0.36, 40.25274975080538]
[77.243801628688203, 1945.0283361109848, 0.0058779735881980405, -0.79, 73.192641273341]
[71.518270335145132, 2010.2891670979059, 0.12282286730387854, -0.02, 37.22444900391565]
[85.669246286101995, 1851.8651218384709, 0.0034365511179662023, -0.8, 89.87909463823962]
[103.92053553932939, 705.97317623690276, 0.0051147037129836981, -0.74, 52.782672042460035]
[123.27726599189626, 1914.2898509699594, 0.0020871972220087992, -0.47, 265.8716087625726]
[79.25218738148655, 1931.916594549381, 0.013192938401204064, -0.66, 43.0511659177464]
[86.061688749891715, 1430.6439463308286, 0.0020659240324063383, -0.79, 92.08454238500053]
[80.178735142325394, 1649.7705496981587, 0.0055299455456950669, -0.79, 91.30102950904256]
[93.5222998020826, 1676.800300255102, 0.0047003311285773453, -0.77, 94.28218009342527]
[75.45095215469297, 2283.8154780280402, 0.12122497597292062, -0.02, 36.180580549596925]
[82.939990532937017, 1847.3375584654393, 0.0026542338603767895, -0.8, 88.51292364594337]
[102.65724648750633, 1542.9734370675112, 0.041847799573309058, -0.34, 45.74201712854483]
[112.01791394951553, 1521.1146661754713, 0.0024823306237152648, -0.65, 113.29225634479735]
[62.574692053523385, 2251.0543731892449, 0.0016036440751603098, -0.75, 95.80633035862411]
[76.793091127075016, 1848.1301080799817, 0.0037020535881885641, -0.8, 90.82909839770582]
[63.366165733951618, 1816.8306794186085, 0.0026022907777426135, -0.72, 92.65287063891083]
[81.336418778350946, 1988.220117690674, 0.12765496662366888, -0.02, 37.023461126955226]
[80.557673477939005, 1818.1009312131318, 0.060108962825605003, -0.02, 36.15566771219892]
[70.31208793168318, 1106.3406729312658, 0.090452931038820808, -0.02, 38.216196021283395]
[81.178258411312541, 1765.170312014209, 0.0024641993336954188, -0.8, 84.0663585560942]
[127.49640912075517, 1904.2226060860271, 0.0024510766614512652, -0.44, 302.5450101915194]
[97.722230820160235, 1494.622723717875, 0.0019210710655345881, -0.77, 80.66070525275427]
[66.674169047317378, 2053.0141605948402, 0.015385456839390556, -0.37, 48.07397111265891]
[76.843166703834413, 1846.8524015798907, 0.0033684909844446664, -0.8, 86.33163567275915]
[70.068055285192557, 2140.703435296512, 0.14498268351857474, -0.02, 45.23207297053523]
[98.155104641006702, 1840.1239082173151, 0.0018874015880889911, -0.74, 102.94430575210208]
[147.81210402356373, 1348.4905296969841, 0.10196244397165938, -0.02, 36.43488294597046]
[88.90965685944488, 1467.9566346959064, 0.0039634872126021875, -0.79, 82.06340335110508]
[61.670581578268859, 2444.9826804882932, 0.14277537612648522, -0.02, 36.253652315641375]
[82.286553727209906, 2139.9666962870206, 0.0050778720059451998, -0.79, 106.34574611099742]
[90.438914739878612, 1574.5936849875393, 0.0018811979655816852, -0.79, 86.82639099576772]
[91.33053273538107, 1901.5832216915501, 0.016153716140271369, -0.69, 53.07873583579931]
[135.67053394646939, 2445.677093778263, 0.0055635335040180173, -0.29, 748.8094555442221]
[84.563898271451251, 2158.3494581252207, 0.0030763770053180844, -0.79, 120.21052756304198]
[109.42534328225022, 1812.337478210218, 0.011235872783666029, -0.72, 82.93810570219284]
[75.390412351923374, 2486.5017765900047, 0.067144365458331634, -0.02, 37.481432471329754]
[86.560258312514719, 2010.5029346270187, 0.0081334996076133925, -0.77, 67.50741522107637]
[106.70557828147278, 1250.2462031317357, 0.0074145724032598781, -0.75, 73.99158669142707]
[71.432312187125063, 1883.0749379886443, 0.13585247820318735, -0.02, 37.83714161081298]
[78.440575322104706, 1783.048742635194, 0.002141122037465637, -0.8, 83.74769377861958]
[123.98175963966797, 1401.690488769173, 0.0025826775937730084, -0.59, 123.77766478244666]
[95.738929068060372, 1089.3335941080973, 0.079967457206256976, -0.02, 36.806557389518275]
[90.296625832676, 1461.1385287938785, 0.13235148732661017, -0.02, 36.51227795369414]
[75.902602296007572, 2182.6680909246907, 0.0071857582481800741, -0.77, 55.93812325612453]
[84.401699927872997, 2162.2862951084999, 0.02168108467908117, -0.49, 48.276239549191814]
[61.822456274285905, 2184.2201443153294, 0.028361322619368246, -0.05, 38.76687145282267]
[107.49125658600461, 608.82901015614914, 0.10173536576656143, -0.02, 45.5989271034814]
[65.003050885962921, 2164.8981501552307, 0.1412998567912469, -0.02, 35.98039752056502]
[102.49522122185191, 2212.3936499321276, 0.011547871133716692, -0.72, 93.27582439862454]
[89.540434071617184, 1625.0720291428363, 0.028593746149795651, -0.41, 37.17273306286734]
[107.84451352022226, 2317.2611388243567, 0.077364124191121, -0.02, 40.21266212156479]
[78.613214671590384, 1500.9919896449985, 0.0020659240324063383, -0.79, 70.0249409236967]
[95.560059390925261, 1839.8375579855262, 0.0017785356776507666, -0.76, 102.02999411650308]
[88.8496386018344, 1676.800300255102, 0.0047003311285773453, -0.79, 80.84874973559272]
[93.325340202782215, 1757.8188111981797, 0.017163262710118907, -0.69, 41.69953514253939]
[82.939990532937017, 1633.2114458484789, 0.0026542338603767895, -0.8, 78.4812627832871]
[88.674645502230831, 1475.0145249508153, 0.003616396735015473, -0.79, 71.14765521847949]
[73.508065366521564, 1083.4174029291003, 0.072276502746966231, -0.02, 56.41227201461152]
[81.730908269886953, 1551.8674898202976, 0.0052749807968077017, -0.79, 79.8042221310061]
[73.722345420408459, 1955.050249777034, 0.0023651443021133894, -0.8, 91.55283134734782]
[93.024825547787003, 1578.7828474448197, 0.001051305161119398, -0.78, 90.79920872711591]
[81.336418778350946, 1819.4285799892846, 0.0010459676971350806, -0.8, 85.17828361717329]
[123.2721324481097, 1341.413303368774, 0.021785419746902457, -0.74, 43.700405232593766]
[80.19620493697397, 1837.8113418274852, 0.001764852119818236, -0.8, 93.42489651223877]
[78.032685786927033, 1894.0101026905995, 0.0024641993336954188, -0.8, 99.57608650813927]
[96.775689456864797, 2014.5316943077078, 0.11273643442993783, -0.02, 35.72157908179361]
[81.261544952728741, 1691.7585156306161, 0.0032731860185569034, -0.8, 76.97793353319139]
[109.43192000050561, 2378.151371568963, 0.13555233973538977, -0.02, 35.605616030487]
[102.51194488926203, 1110.1792142454431, 0.014773726027098373, -0.74, 50.894979486765806]
[87.177955254959471, 1154.3591587607746, 0.12957091598605758, -0.02, 35.641714527962904]
[90.324231131170237, 1840.1239082173151, 0.0022231957211235054, -0.78, 97.96325990619516]
[72.759044953143331, 2002.692186681835, 0.017383176159445152, -0.41, 47.08732409859658]
[83.728411047365697, 1603.1047407474432, 0.0031986457782227085, -0.8, 82.80529438387748]
[66.851109395516644, 2030.7951008276627, 0.0010919862612943643, -0.78, 77.29984842176782]
[80.270198308812084, 1653.4535415176647, 0.0019869982455413687, -0.8, 87.16422408533981]
[61.486525821070984, 2257.4071386555652, 0.098951421426885705, -0.02, 38.1661784234675]
[85.927899414687616, 1507.7547667348999, 0.011171168789736091, -0.74, 56.01077957903908]
[68.591158674314499, 1380.7507572641562, 0.0055635335040180173, -0.74, 74.08103364591807]
[84.938599553978335, 1516.0127556434779, 0.14711943736836783, -0.02, 35.82576285745017]
[86.855554772212756, 1812.337478210218, 0.0039864158539786587, -0.8, 85.43151756402949]
[83.302692736110373, 1332.3660192842947, 0.0058640155921276527, -0.79, 64.20243753944669]
[82.59700635129613, 1883.4392988734744, 0.0020100177014088366, -0.8, 88.52878801487532]
[85.365980703119916, 1839.2504017237484, 0.0010081997662330089, -0.8, 109.99584293558291]
[64.532923332458154, 1998.3036042995077, 0.094506414733295394, -0.02, 45.5034550532946]
[77.065760235312553, 1711.8150054801861, 0.06492223214537364, -0.02, 35.93826193221321]
[82.528284723483722, 1989.8084722736139, 0.0016414855214589436, -0.8, 92.76787407508527]
[98.187161130437602, 1901.5177432795726, 0.0076895763077515084, -0.73, 98.32706843138294]
[90.296625832676, 1295.2350395526489, 0.0099110105123979136, -0.76, 61.534299072831345]
[68.406210914060509, 1839.4537734781477, 0.0056530088611724122, -0.77, 75.88124996891565]
[72.78622089900648, 1930.3118136054347, 0.0011231507902256105, -0.8, 79.5431354312459]
[69.048131277946439, 2268.9778039464641, 0.0013778619424388017, -0.81, 97.5002072827192]
[74.234582476871282, 2255.0449004043849, 0.003456407326690919, -0.81, 89.37930426147796]
[85.669246286101995, 2357.7322882895396, 0.14456056294410247, -0.02, 46.24212464639277]
[74.123777247876745, 2290.7575946079505, 0.0023772401409922067, -0.81, 94.81161350798357]
[70.134971245772675, 2318.7554204228982, 0.063395445329835237, -0.02, 44.25061460715369]
[64.214061129779083, 1086.4513858042883, 0.087605379100279407, -0.02, 56.01710748011101]
[64.502686524669741, 2421.2767677289662, 0.11239907493458581, -0.02, 55.169178390991874]
[64.256825107940173, 812.84830820334196, 0.076807400048076624, -0.02, 37.76215851378947]
[88.8496386018344, 2264.5651651416051, 0.0013792728880226285, -0.78, 144.68665728311316]
[149.67305873716361, 1909.1661733716492, 0.14086590306682933, -0.02, 35.5407504365794]
[82.939990532937017, 2314.7945372148138, 0.11498905070660934, -0.02, 35.92367783028749]
[70.746487925477908, 2271.7952084138878, 0.003616396735015473, -0.81, 88.36782457298978]
[84.17989567048599, 1465.4658114421718, 0.0023741193888327794, -0.8, 70.42573910112696]
[79.55204480476776, 2040.3561255580962, 0.0052749807968077017, -0.79, 77.19196456913778]
[70.144418958740346, 2320.1086989012429, 0.001496116305840095, -0.81, 104.01790296594118]
[133.65169743580981, 1816.8306794186085, 0.001051305161119398, -0.42, 291.2068242678506]
[102.0206473483439, 2485.8623628523928, 0.0010459676971350806, -0.65, 194.5850615426316]
[75.489522876793018, 2263.6914675776197, 0.10416669142040472, -0.02, 35.465298356924905]
[62.590061732380441, 2057.2871209786822, 0.0013778619424388017, -0.74, 85.93170173406543]
[77.93776944095373, 1765.170312014209, 0.0018508426466307404, -0.8, 78.1627404852552]
[61.547986146229178, 2247.7227208963636, 0.012018686998232983, -0.36, 42.31062068667234]
[77.210424106565512, 2078.0528252754921, 0.0046626749497749309, -0.79, 79.34662439288513]
[110.35686371560973, 2053.0141605948402, 0.0016910418946494837, -0.56, 170.39694304069417]
[95.706858835699364, 2308.965782765561, 0.060825190932567511, -0.02, 56.03904024443909]
[141.21748328765761, 2357.989199804103, 0.0056335437267825, -0.27, 747.9192144496992]
[69.767565395792531, 2046.1152343552408, 0.0031972002546275247, -0.8, 76.67326977443008]
[80.051733057621234, 974.61997399710083, 0.0023654502326707905, -0.75, 61.29080756001349]
[68.735158038871361, 2301.9206603128841, 0.004648028166810439, -0.79, 84.39759341399622]
[66.904166097789783, 2030.7951008276627, 0.0033603704448248173, -0.77, 75.026920129887]
[67.580017619569958, 2470.7784562541301, 0.11420636141873497, -0.02, 36.000991504770354]
[81.348778109222224, 1574.5936849875393, 0.0018811979655816852, -0.8, 73.0057000553279]
[83.209052994619853, 1334.8659739749098, 0.083153822938173513, -0.02, 56.02083476568805]
[76.578037248109922, 1760.5664687826304, 0.0020743371648658249, -0.8, 74.46034375871386]
[67.380542440355413, 1888.0108697072965, 0.078924757149333308, -0.02, 46.83136168508645]
[94.176877637501349, 1761.6563051018577, 0.0010482350838807303, -0.77, 111.99444622747251]
[75.892670268030187, 2362.2413920284362, 0.0058640155921276527, -0.79, 67.16333761162241]
[82.59700635129613, 2049.0650839841383, 0.027050186704054471, -0.35, 41.73659032947762]
[65.4935964008193, 2049.0650839841383, 0.13882683185499733, -0.02, 55.198133021971444]
[68.699437313229623, 2289.7154685213013, 0.0030993473945917643, -0.8, 88.04908519129094]
[106.58237624782569, 2017.0470608578971, 0.0012502817425699697, -0.66, 145.87651918338088]
[73.679660790495859, 2288.8518739315323, 0.0022897950536565903, -0.81, 93.39021227681224]
[95.738929068060372, 2401.9394907669212, 0.0092509100805054922, -0.72, 95.55407943214232]
[107.38749795891701, 1211.9432597758978, 0.0039849940357516156, -0.75, 69.56977265021123]
[79.245352527176848, 1293.5002878014941, 0.0070121264938601824, -0.78, 66.79074363443215]
[67.897280589595113, 1515.2674985917054, 0.0011231507902256105, -0.75, 72.838772956522]
[75.007589247981343, 2268.9778039464641, 0.0013778619424388017, -0.81, 112.11214624066633]
[74.348162516449023, 864.94917666039248, 0.005616252588834747, -0.7, 47.02629052874545]
[119.13662867535521, 1096.9816493583457, 0.046447591402498239, -0.29, 37.70931356213987]
[72.680573678857996, 2290.7575946079505, 0.0027064622835406005, -0.8, 90.7295977193935]
[87.876641074629489, 533.36513615213721, 0.0093065307738374459, -0.67, 48.79978771441529]
[98.213270710269143, 1232.9645975353594, 0.0036903173762241476, -0.77, 73.07725369854597]
[68.70425221131282, 2018.9586290850816, 0.0020659240324063383, -0.79, 90.70509067046078]
[75.007589247981343, 2054.807911851467, 0.0046992071973604166, -0.8, 81.0341067109548]
[70.811634225807609, 1959.569534023002, 0.0047003311285773453, -0.79, 77.54890394691756]
[66.034732205761173, 1843.2133331274538, 0.0015574502664770784, -0.77, 83.56711001080112]
[65.74449832853719, 1091.4388877745689, 0.0015135261448452619, -0.66, 54.067378439736785]
[80.116878417127467, 1809.2532129581389, 0.0023691453609432783, -0.8, 84.57623074296862]
[74.525519841929224, 1465.4658114421718, 0.0047750041924397441, -0.78, 71.02057584514114]
[133.88527704098479, 1079.7005125968542, 0.0052749807968077017, -0.61, 86.41284602828819]
[70.655712729223694, 2343.9554578565971, 0.001496116305840095, -0.81, 98.36713119255728]
[75.041630588802803, 2105.3102328208251, 0.07021545008552571, -0.02, 39.69747167745663]
[67.827610433665484, 1940.0708466296587, 0.071687112694092808, -0.02, 38.54588613288797]
[75.489522876793018, 1625.4948890156425, 0.046043259725687187, -0.05, 38.22246657950018]
[75.286461326131402, 1774.6057620556389, 0.0012981000552744065, -0.8, 79.63435679602117]
[149.02493451579676, 1429.6075143992389, 0.13907433944883973, -0.02, 36.10284879888786]
[78.19524296973195, 2049.2888878795002, 0.0011661036748042974, -0.8, 104.35804205747263]
[87.187734268582858, 607.65646961428274, 0.007249199786605029, -0.7, 49.13913717141986]
[74.861343389138113, 1305.5824846686673, 0.0051912810899908401, -0.77, 57.40721355561982]
[61.61123982216764, 1743.0905459231244, 0.0014304732254839664, -0.71, 60.91490817682643]
[73.22073566748233, 1154.3591587607746, 0.0056335437267825, -0.74, 72.788856878964]
[64.392169104914302, 2046.1152343552408, 0.0047995072638644942, -0.75, 66.96681428550801]
[65.461474743348504, 2429.5389161348862, 0.13184583800403851, -0.02, 41.46964792950166]
[71.354916274530751, 1341.9829390820764, 0.0094059765227748893, -0.68, 45.38288380143058]
[66.851109395516644, 2030.7951008276627, 0.085089139350417245, -0.02, 56.95961424642155]
[67.678134674883722, 2470.7784562541301, 0.0016639006531254802, -0.8, 112.54540076658304]
[69.048131277946439, 2268.9778039464641, 0.0013778619424388017, -0.81, 102.28700625534839]
[70.937557275968629, 1901.5832216915501, 0.062884682315354823, -0.02, 36.0300511667956]
[72.501249691332077, 2130.4953250287836, 0.0026688927357729764, -0.8, 96.27126096060238]
[84.563898271451251, 1240.1328531915235, 0.086567835969823426, -0.02, 36.056275868279045]
[78.553184385770777, 1812.337478210218, 0.0036085006197044828, -0.8, 81.0142523325485]
[83.302692736110373, 1415.8448311562679, 0.012794602264358884, -0.7, 58.25776520265936]
[61.766727836203572, 754.47671832462527, 0.097408882806671496, -0.02, 57.30000699231459]
[83.724403004479569, 2164.3351095434664, 0.0029844772393081836, -0.8, 109.01373449146195]
[63.549448513276317, 948.23903242222582, 0.13973067607861417, -0.02, 37.3922704757133]
[75.434349015072627, 1765.8599189861745, 0.0020556973045763455, -0.8, 85.3357985884868]
[73.679660790495859, 1838.6111591732815, 0.0043261606646773643, -0.79, 90.79294636072882]
[84.637714399906784, 1974.7038713335473, 0.0044609320398339702, -0.8, 84.48200092626212]
[70.891434424874006, 974.78845365914799, 0.0088115553965719962, -0.68, 54.1160519912446]
[83.005752015765594, 1996.4923190312193, 0.0031219695000683501, -0.8, 91.6465327906044]
[68.011159280331512, 2220.6133944853468, 0.0012660058433589527, -0.8, 88.46376326528843]
[69.048131277946439, 1370.8869513768661, 0.0030188687178100415, -0.75, 61.8573140080116]
[74.234582476871282, 2378.133752836176, 0.14277788288911639, -0.02, 48.532359070428356]
[135.75189456197523, 891.46310026340836, 0.053742686263054409, -0.06, 45.46460790213314]
[74.123777247876745, 2249.3621703524936, 0.11258021152215805, -0.02, 35.972188130202994]
[82.18775978866546, 1987.9608750111829, 0.0021767028647957515, -0.8, 93.44156572910288]
[65.845674668719326, 1897.0719878854804, 0.063370892405128165, -0.02, 45.9248966585219]
[83.349995076874848, 1708.8406248980352, 0.0045205657868066101, -0.8, 80.84224922082649]
[70.241098093407047, 1649.7705496981587, 0.14565543609235632, -0.02, 35.402081662665296]
[128.76072484645485, 1676.800300255102, 0.02450148032035486, -0.74, 52.28606126849627]
[75.811627331225083, 2120.0356918264979, 0.0038123009553786558, -0.81, 91.74534915800905]
[100.32040641481701, 1527.4360534105181, 0.0026542338603767895, -0.76, 86.44211107135197]
[67.861090616819894, 909.80670821022943, 0.0034102074987360925, -0.64, 50.92777345592913]
[82.253612154299418, 1465.4658114421718, 0.0027501914364656682, -0.8, 74.61556911174557]
[82.237132456680854, 2167.0117467598884, 0.11073841358964445, -0.02, 38.522760871230275]
[63.273267498465586, 2379.2854884492272, 0.039803786147100971, -0.02, 35.60840271769848]
[71.567514668395972, 2132.1757982231106, 0.001051305161119398, -0.81, 85.66841084516636]
[71.068586259841084, 1819.4285799892846, 0.0011993269296507458, -0.8, 84.30180480784475]
[75.489522876793018, 1521.2009406371192, 0.0012844557550427821, -0.79, 70.6143839285578]
[69.048131277946439, 2022.1069027733249, 0.0013778619424388017, -0.8, 100.80170431156876]
[77.530041339581132, 2228.2448725978165, 0.0020986926040000575, -0.8, 109.3762776704898]
[73.056299838343108, 1947.6801186796549, 0.0012733527908131148, -0.8, 91.79281616904336]
[61.542672205872627, 800.93700703765114, 0.0032731860185569034, -0.49, 42.97384551425057]
[76.346705572630185, 1999.3098744722224, 0.0020384504096870315, -0.81, 96.25238375126355]
[71.71174544507366, 1950.6381002253854, 0.0027047295316857678, -0.8, 84.1826443072423]
[61.945194631576534, 2430.0021524509184, 0.0056335437267825, -0.7, 62.58390824909293]
[60.416996202174438, 1670.1209780462686, 0.09439380490723065, -0.02, 35.51574280793284]
[72.179910367788182, 2384.2522362580976, 0.0011625107096424475, -0.81, 98.0397561524369]
[69.763947346897922, 1909.8834482394027, 0.056518744100820653, -0.02, 35.41971254260716]
[66.851109395516644, 2011.7049799552658, 0.043010635492177735, -0.02, 35.32438033877406]
[67.580017619569958, 2388.33881824124, 0.0010422909237596673, -0.8, 101.45364693243755]
[66.816678097401422, 2268.9778039464641, 0.0018954444698207201, -0.78, 84.45071571782319]
[67.266230683708017, 2450.0248586451703, 0.094130131776772319, -0.02, 49.067459480393154]
[68.671862053779989, 1866.689318010792, 0.0021359243776409298, -0.78, 83.53121923490107]
[75.595905058166764, 2158.3494581252207, 0.0017855536590675181, -0.81, 104.00011761136557]
[74.783437558863241, 2239.7132764902917, 0.049450821810599552, -0.02, 35.12472626832459]
[102.78852980477825, 1820.7430893710507, 0.063125638239798609, -0.02, 40.06405460210226]
[67.672133425844038, 2076.1049794806631, 0.0025384457213328271, -0.79, 107.81753181724343]
[75.574215105850129, 2107.079137856455, 0.11163392305784306, -0.02, 35.9449052189957]
[69.090839192623179, 2289.7154685213013, 0.073146374453997826, -0.02, 35.26414020678931]
[67.793546504917288, 1711.8150054801861, 0.0032033677091919538, -0.77, 77.23118357115163]
[73.679660790495859, 1993.8761351917069, 0.0010995551006320325, -0.8, 92.01987485799327]
[84.637714399906784, 2286.9876658386975, 0.076726904483270297, -0.02, 36.21571153266996]
[107.91078694280871, 580.6614705134383, 0.14528505872078923, -0.02, 35.52211956746032]
[83.005752015765594, 2113.552589648461, 0.093830467905163945, -0.02, 35.62182679707621]
[74.180775126191875, 1930.3118136054347, 0.0011231507902256105, -0.8, 82.7235085518405]
[69.533734877430931, 2268.9778039464641, 0.0013778619424388017, -0.81, 104.52765871171141]
[67.780176389343609, 2435.2191340888694, 0.0015711070827491569, -0.8, 102.47699454394024]
[73.384219599726819, 2100.6528440554425, 0.0034365511179662023, -0.8, 92.96341408826265]
[75.635982575255355, 2290.7575946079505, 0.0028376308616151757, -0.81, 106.63992900017911]
[73.881248092508557, 1987.9608750111829, 0.001168398829170858, -0.8, 83.01394221303053]
[69.693482771917218, 2109.0754042774884, 0.0028825790439955395, -0.8, 83.8804863727346]
[83.349995076874848, 2056.5965643907457, 0.0027664622014259566, -0.8, 115.13421007437864]
[80.178735142325394, 545.12349611879256, 0.0011750462876999324, -0.64, 40.44294137248653]
[74.180587798791194, 1676.800300255102, 0.0016119742958274341, -0.8, 79.36596707408899]
[74.051192857468436, 2121.49981022872, 0.0011870991218486115, -0.81, 91.43258835407323]
[72.322511451857991, 2075.6578576860807, 0.0026542338603767895, -0.8, 81.50848630369]
[70.485183678877775, 2190.9461508355453, 0.0011915944579366788, -0.8, 89.77671043349983]
[63.452074384549391, 2295.7138140704469, 0.0955511177844168, -0.02, 40.25926606411667]
[81.730908269886953, 2336.5967623328816, 0.0052749807968077017, -0.79, 83.6236617684408]
[91.20230639322692, 917.84471579367289, 0.068962363470485052, -0.02, 36.02518697135383]
[77.530041339581132, 2228.2448725978165, 0.0020986926040000575, -0.8, 96.27476706659945]
[75.397010558391088, 1915.7829409633996, 0.0027674863063822108, -0.8, 79.84916196050472]
[65.313291210614722, 2332.080041809957, 0.0011453152159492802, -0.78, 96.36310314955335]
[69.048131277946439, 2268.9778039464641, 0.0013778619424388017, -0.81, 100.4003695688516]
[69.048131287946433, 2268.9778039464641, 0.0013778619424388017, -0.81, 89.6573975062347]
[69.048131277946439, 2268.977803956464, 0.0013778619424388017, -0.81, 90.93174766685843]
[69.048131277946439, 2268.9778039464641, 0.0013778719424388016, -0.81, 94.33040455676382]
