[60.0, 1000.0, 0.0030000000000000001, -0.95, 53.67009321486698]
[63.0, 1000.0, 0.0030000000000000001, -0.95, 54.239721745093725]
[60.0, 1050.0, 0.0030000000000000001, -0.95, 54.649948493527106]
[60.0, 1000.0, 0.00315, -0.95, 53.48285482488825]
[60.0, 1000.0, 0.0030000000000000001, -0.95, 53.132457503868466]
[61.5, 1025.0, 0.0030750000000000005, -0.95, 52.64006615531753]
[60.375, 1006.25, 0.0030187500000000002, -0.95, 53.17020190361842]
[61.5, 1000.0, 0.0030000000000000001, -0.95, 52.55208297676694]
[60.0, 1025.0, 0.0030000000000000001, -0.95, 52.43131675471477]
[60.0, 1000.0, 0.003075, -0.95, 52.443060113510285]
[60.0, 1000.0, 0.0030000000000000001, -0.95, 52.70672732171897]
[60.75, 1012.5, 0.0030375000000000003, -0.95, 52.75835140667823]
[60.1875, 1003.125, 0.0030093749999999999, -0.95, 52.871629953859156]
[60.75, 1000.0, 0.0030000000000000001, -0.95, 52.26900626883946]
[60.0, 1012.5, 0.0030000000000000001, -0.95, 53.04097960893694]
[60.0, 1000.0, 0.0030375000000000003, -0.95, 52.644355191913974]
[60.0, 1000.0, 0.0030000000000000001, -0.95, 53.04417444383682]
[60.375, 1006.25, 0.0030187500000000006, -0.95, 52.838080969170164]
[60.09375, 1001.5625, 0.0030046875000000004, -0.95, 52.473625496888985]
[60.375, 1000.0, 0.0030000000000000001, -0.95, 52.18896219650162]
[60.0, 1006.25, 0.0030000000000000001, -0.95, 53.35131451950065]
[60.0, 1000.0, 0.0030187500000000002, -0.95, 52.460671787179535]
[60.0, 1000.0, 0.0030000000000000001, -0.95, 52.936542152950096]
[60.1875, 1003.125, 0.0030093750000000008, -0.95, 53.36671965060441]
[60.046875, 1000.78125, 0.0030023437500000002, -0.95, 53.0450363470984]
[60.1875, 1000.0, 0.0030000000000000001, -0.95, 53.118981854098365]
[60.0, 1003.125, 0.0030000000000000001, -0.95, 52.66376849500739]
[60.0, 1000.0, 0.0030093749999999999, -0.95, 52.94530249556988]
[60.0, 1000.0, 0.0030000000000000001, -0.95, 52.70633996261586]
[60.09375, 1001.5625, 0.0030046875000000004, -0.95, 52.65411611469449]
[60.0234375, 1000.390625, 0.0030011718749999999, -0.95, 52.15958756202781]
[60.09375, 1000.0, 0.0030000000000000001, -0.95, 52.430559883113574]
[60.0, 1001.5625, 0.0030000000000000001, -0.95, 52.66214211339479]
[60.0, 1000.0, 0.0030046875, -0.95, 52.54806193181594]
[60.0, 1000.0, 0.0030000000000000001, -0.95, 52.63322359133963]
[60.046875, 1000.78125, 0.0030023437500000007, -0.95, 52.55950306859222]
[60.01171875, 1000.1953125, 0.0030005859375000004, -0.95, 52.44558409159458]
[60.046875, 1000.0, 0.0030000000000000001, -0.95, 53.194541747451694]
[60.0, 1000.78125, 0.0030000000000000001, -0.95, 52.52004539474183]
[60.0, 1000.0, 0.0030023437499999998, -0.95, 52.64975686194657]
[60.0, 1000.0, 0.0030000000000000001, -0.95, 52.63383915293571]
[60.0234375, 1000.390625, 0.0030011718750000008, -0.95, 53.07986209547835]
[60.005859375, 1000.09765625, 0.0030002929687500002, -0.95, 52.42778722282537]
[60.0234375, 1000.0, 0.0030000000000000001, -0.95, 53.47425714968631]
[60.0, 1000.390625, 0.0030000000000000001, -0.95, 52.58049682023193]
[60.0, 1000.0, 0.0030011718749999999, -0.95, 55.59670943707988]
[60.0, 1000.0, 0.0030000000000000001, -0.95, 54.52324022964194]
[60.01171875, 1000.1953125, 0.0030005859375000004, -0.95, 52.91254519799031]
[60.0029296875, 1000.048828125, 0.0030001464843750002, -0.95, 53.1067712653271]
[60.01171875, 1000.0, 0.0030000000000000001, -0.95, 53.64441136483538]
[60.0, 1000.1953125, 0.0030000000000000001, -0.95, 52.654283170621966]
[60.0, 1000.0, 0.0030005859375, -0.95, 52.858548099673044]
[60.0, 1000.0, 0.0030000000000000001, -0.95, 53.16711327064786]
[60.005859375, 1000.09765625, 0.0030002929687500002, -0.95, 53.3358681364075]
[60.00146484375, 1000.0244140625, 0.0030000732421874999, -0.95, 53.910692076721716]
[60.005859375, 1000.0, 0.0030000000000000001, -0.95, 54.40275048368676]
[60.0, 1000.09765625, 0.0030000000000000001, -0.95, 55.20113153328384]
[49.708396352094155, 824.05278269913219, 0.0075376355187832507, -0.07, 334.87027185645945]
[66.846051506199984, 681.28396080780715, 0.0018942323546613303, -0.93, 53.61674971189433]
[42.003146092911777, 859.46478696601218, 0.0061318307734234481, -0.05, 472.5897597934708]
[72.051878143795548, 492.0162128657538, 0.0054166911968446477, -0.9, 56.374725169593944]
[61.994012706547018, 470.93564015481724, 0.0028565689285043674, -0.95, 53.86619931966402]
[35.27828766494018, 947.47782438747777, 0.0089705906573628331, -0.05, 448.9121563760508]
[55.282852340932614, 601.23202855234388, 0.008080692878255075, -0.92, 54.49235185196562]
[75.68400921529684, 763.02024802790947, 0.0035501287194768145, -0.81, 74.80831546478544]
[64.224149360110573, 470.93564015481724, 0.0017104953659047091, -0.95, 53.90437262307364]
[37.184808724299927, 584.19300724012442, 0.0061847447594303127, -0.07, 217.16101207220436]
[44.623174398472166, 859.46478696601218, 0.0011069930373856689, -0.05, 533.7448336272171]
[64.973175451118891, 600.08998251445973, 0.0022656921060154006, -0.95, 52.70659859210764]
[41.313886936239641, 530.15280415242546, 0.0044417398008503653, -0.12, 122.14531525150414]
[70.147782234480673, 949.41228570525993, 0.004053174647617246, -0.92, 54.48713947297529]
[77.67081922354032, 563.73051052641711, 0.0012923936222910999, -0.89, 60.62808932781809]
[74.268449805299738, 763.02024802790947, 0.0035501287194768145, -0.89, 67.3624361727866]
[70.869549470998905, 447.54851703083852, 0.0041590975339739428, -0.92, 53.193269372270606]
[52.058986335700247, 722.72878159914751, 0.0055483744141003903, -0.14, 112.75656879412827]
[79.058521595852625, 859.46478696601218, 0.0061318307734234481, -0.74, 82.99663225782706]
[75.815644988150183, 431.35764751468037, 0.0017971145932443536, -0.89, 57.26012012228148]
[41.313886936239641, 871.26757948245415, 0.0023930258871032116, -0.07, 343.71864183238404]
[70.147782234480673, 949.41228570525993, 0.0063481299097554681, -0.92, 54.7110394711317]
[67.443612258105489, 601.23202855234388, 0.008080692878255075, -0.93, 53.727909779267065]
[70.156258560564723, 590.0234003621074, 0.0056887822211976269, -0.92, 54.421334943623606]
[64.576759767929573, 680.67643981201115, 0.0045453807431885965, -0.95, 52.450242640688884]
[64.324434069505983, 681.28396080780715, 0.002394361225177478, -0.95, 52.30224132881722]
[57.432124167979239, 542.323334581974, 0.00689253930126977, -0.94, 52.39947226710683]
[74.602348537318974, 480.45592036214703, 0.0047736832326869347, -0.89, 58.78030975270167]
[60.171063040963723, 530.15280415242546, 0.0044417398008503653, -0.95, 53.377748560056716]
[64.115954149632259, 462.16779870957089, 0.004053174647617246, -0.95, 52.57545442284254]
[62.501484403922689, 407.42243265945604, 0.0027559187493240733, -0.95, 52.76554856222174]
[70.156258560564723, 579.63625161247523, 0.007218283660979527, -0.92, 53.88870213343034]
[61.054431836376303, 439.07521117627726, 0.0021015985557293181, -0.95, 53.008680471747084]
[57.243790485012198, 401.62955271675889, 0.0012082918783276036, -0.94, 52.587433298313044]
[62.115342787242945, 542.323334581974, 0.001891181151465653, -0.95, 52.80786023006931]
[60.829707107298383, 600.08998251445973, 0.0022656921060154006, -0.95, 53.307705023116796]
[66.744234928081838, 540.24172759287558, 0.0045048459786811322, -0.93, 53.5979522629641]
[66.673623866399751, 498.69588120733715, 0.0050666774344967072, -0.93, 53.16616506003356]
[63.054923657413667, 407.42243265945604, 0.0019340392672541808, -0.95, 53.118440312028724]
[63.054923657413667, 436.47273700920215, 0.0019340392672541808, -0.95, 52.84370850115738]
[61.994012706547018, 470.93564015481724, 0.0028565689285043674, -0.95, 52.82771004357255]
[61.994012716547019, 470.93564015481724, 0.0028565689285043674, -0.95, 52.76433967414414]
[61.994012706547018, 470.93564016481724, 0.0028565689285043674, -0.95, 53.029245904862364]
[61.994012706547018, 470.93564015481724, 0.0028565789285043674, -0.95, 53.36807570003293]
[61.994012706547018, 470.93564015481724, 0.0028565689285043674, -0.95, 52.86273093434011]
