0.0013011151322,[223 640  75]
0.898134430727,[226 637  98]
0.897992775822,[211 618 108]
0.898223856299,[211 652  92]
0.898122490786,[213 641  90]
0.00145455789996,[225 649  70],53.8003070354
0.898082735474,[192 653 111],66.3223829269
0.898312759272,[202 665 112],66.4639110565
0.898185193483,[201 633  93],63.5153849125
0.897463079398,[203 666  79],62.9142708778
0.898137054956,[213 623 113],63.5692641735
0.898196418446,[192 640  95],64.9829361439
0.898127909423,[203 638  99],63.629956007
0.898132016371,[195 630 109],65.2281799316
0.000581882904623,[201 637  83],55.0951690674
